embedding_18/embeddings:0
(26, 2)
[[ 1.92900747e-01 -3.75934511e-01]
 [-3.96115392e-01 -4.48929429e-01]
 [ 2.64576208e-02 -4.17211533e-01]
 [-5.89087784e-01 -4.37162012e-01]
 [-3.57988149e-01 -3.60848486e-01]
 [-6.67486548e-01  3.25078994e-01]
 [ 3.79408747e-02 -3.11958253e-01]
 [-5.54771200e-02 -2.53205061e-01]
 [ 7.76485145e-01  1.07082450e+00]
 [ 4.53002393e-01 -2.91425377e-01]
 [-4.22232568e-01 -1.46544963e-01]
 [-3.98520559e-01 -8.79597723e-01]
 [-4.49312180e-01  8.64456773e-01]
 [ 1.87200204e-01  6.64173812e-02]
 [-5.84962666e-02  8.04290473e-01]
 [ 5.92206597e-01 -7.84150124e-01]
 [ 6.20565951e-01 -3.83397818e-01]
 [-6.74057662e-01 -3.93351316e-01]
 [ 5.00873685e-01 -4.34684485e-01]
 [ 2.18049288e-02 -1.95665918e-02]
 [ 6.76925778e-01  3.66787791e-01]
 [ 5.91430426e-01  1.39522851e-01]
 [-3.32341462e-01  9.42314327e-01]
 [ 1.07191324e+00  1.23007745e-01]
 [-5.98678768e-01  7.01752543e-01]
 [ 3.26704234e-04  4.78657521e-02]]
simple_rnn_18/kernel:0
(2, 5)
[[ 1.4189986  -1.3770283  -0.9190929  -1.3527361  -1.6853421 ]
 [-0.94018817  1.3200653   1.3129086   0.8206555  -1.8673863 ]]
simple_rnn_18/recurrent_kernel:0
(5, 5)
[[ 1.4394794  -0.49201962 -0.10225725  1.0968312  -1.7025034 ]
 [-1.2642372  -0.8654427   1.6116692  -0.45994115  0.46670616]
 [ 1.3924004   2.6533303   1.033979   -1.4443659  -0.99761224]
 [ 1.8080535  -0.9977264   0.45701298 -2.1324596  -0.19838135]
 [-1.1255561   1.2052501  -1.4566492  -1.433366   -0.7980094 ]]
simple_rnn_18/bias:0
(5,)
[-0.42862558 -0.10762034  0.05857049  0.41801867 -0.35523275]
dense_18/kernel:0
(5, 26)
[[ 0.18724783  0.0868142   0.04641314  0.01282434 -0.9766977  -1.4419241
  -1.3483969  -1.3746923  -0.924514   -1.7862936   1.5391947   1.7127398
   2.1609159  -1.7970663  -1.1717317  -1.6627727   2.074972    1.770746
  -0.6362315   1.4505959  -1.6964006  -0.60571194  1.6737347   1.4031082
   1.09078     1.1872125 ]
 [ 0.77495486  0.42997923  0.8333668   0.48658416  1.003459   -1.5531728
   1.4912454  -1.3152751   1.8808017  -0.9057703  -1.0160621   1.6664917
  -0.96228117  1.7471068  -0.66004735  1.8476311  -0.89749837  2.1092768
  -1.0400343  -1.4416668  -1.2151905  -1.565638   -0.8880532  -1.5412574
  -1.009874    1.793534  ]
 [ 0.5338345   0.48848933  0.7495216   0.49917862 -1.3237411  -2.022773
  -1.0287173  -0.5608483  -0.7223605   1.7147166  -1.3661633  -1.1622598
   1.6929092  -1.1778392   1.8716924  -0.59815586  1.1567235  -1.6635479
   1.7200418  -1.6468171  -1.5240163  -1.7695535  -1.5382192   1.7270708
   1.4859804   1.6256901 ]
 [-0.4445806  -0.24825397 -0.53848094 -0.15240008  1.4459864  -1.4229882
   1.707506   -1.4321525  -1.155048    0.68128514  1.4884194  -1.3916494
   1.4207733   2.0472436  -1.5663807  -1.00791    -1.8739171   1.7477313
   2.3725634  -1.4211451   1.654458   -1.398462    1.5778997   1.7727132
  -1.5372406   1.1749755 ]
 [ 0.09812699  0.07034448 -0.05294934  0.0464052   1.3948965   1.6892915
   1.4295307   1.1264894   1.4228071  -0.42366463  1.7323718  -1.1775957
   2.2457397  -1.8518395   1.4774193  -1.9843926   1.8016871  -1.2575877
   1.6635544  -1.4818363  -1.1697117  -0.08702422 -1.2317054  -1.4822719
  -1.740153   -1.1759222 ]]
dense_18/bias:0
(26,)
[-0.62965465 -0.6431373  -0.6345101  -0.61312354  1.0995456  -0.5877134
  0.5072269   0.7745369   1.1908494   1.1377623   0.8181385   0.61691576
 -0.04688673 -0.24849996  0.47731912  0.44593582  0.22584203 -0.17474507
  0.27216423 -0.12591462  0.3937457   0.88247144  0.46228656 -0.2842716
  0.51809937  0.9762566 ]
