sequential_1/simple_rnn_1/kernel:0
(5, 5)
[[-0.6819131  -0.20860104 -0.37414217 -1.0027725   0.98135644]
 [-1.2644634  -0.5040861  -0.3173238   0.05652281 -0.16927236]
 [ 0.7472535   1.0371697   0.54223716 -0.29765052  0.31472242]
 [-0.04678478  0.12098468  0.01835736  0.55659616 -0.8882523 ]
 [-0.317155    0.12673406  0.37002948  0.3470146  -0.27673146]]
sequential_1/simple_rnn_1/recurrent_kernel:0
(5, 5)
[[ 0.8734176   1.218726   -0.5754071   0.8607068  -0.59916013]
 [-0.8088495   0.06723271 -1.2850771  -0.08597462  0.47832206]
 [ 1.0167955  -0.2645619  -0.7813897   0.01381029  1.1023321 ]
 [ 0.4509973   0.9195958   0.3820037  -1.2979416  -0.328226  ]
 [ 0.48173156  0.6678256   0.515507    0.4232637   1.4883548 ]]
sequential_1/simple_rnn_1/bias:0
(5,)
[ 0.16897103 -0.16705115  0.11101978 -0.16970699 -0.02305568]
sequential_1/dense_1/kernel:0
(5, 5)
[[ 0.43348283 -1.3260214  -0.65146405  0.3099772   1.2644463 ]
 [ 1.4294207  -0.821151   -0.38131785  0.8976142   0.62747544]
 [ 0.9314534  -1.277239    0.9837184   1.247288   -1.1414739 ]
 [-0.08108638 -0.05092756  0.27684823 -0.9369816   0.95105356]
 [-1.5116596   0.8883607  -0.6662822   1.0949343   0.58768743]]
sequential_1/dense_1/bias:0
(5,)
[ 0.18153214 -0.44939625  0.72385466 -0.10596733 -0.06297679]
