embedding/embeddings:0
(5, 2)
[[ 0.81759495 -0.91089785]
 [ 0.00275471 -0.15529928]
 [-0.77506024 -0.6218151 ]
 [ 0.79064536  0.5338421 ]
 [ 0.00640391  0.735935  ]]
simple_rnn/kernel:0
(2, 5)
[[ 0.32597366 -1.6755106   1.6359262  -1.4644313  -0.73854446]
 [-1.5908594  -0.21870145 -0.18630704 -0.43881252 -1.5292264 ]]
simple_rnn/recurrent_kernel:0
(5, 5)
[[ 0.25570035  0.08766326  0.64733404 -0.6917921   0.1712154 ]
 [ 0.4388044  -0.7926024   0.07714383  0.03120434 -0.41509917]
 [-0.12818918  0.40603757  0.14726433 -0.07823158 -0.8893223 ]
 [-0.26159093 -0.18743013 -0.6135156  -0.7159326  -0.08648275]
 [-0.8106822  -0.40509278  0.42061755  0.04207686 -0.00214989]]
simple_rnn/bias:0
(5,)
[-0.22016685 -0.49215972 -0.50929683  0.5016557   0.18949066]
dense/kernel:0
(5, 5)
[[-0.99631876  1.2537832   0.43852562  1.1029773  -0.0494514 ]
 [-0.65758175 -1.7412324  -0.20206401  1.7602379  -1.1435007 ]
 [-0.33264625  1.4142175  -1.0899063  -1.7946211   1.4320674 ]
 [-0.5781629  -0.28667942  0.86133736  1.3634796  -1.9094653 ]
 [-1.2200638   1.4212284   1.2638254   1.5668323  -1.5802151 ]]
dense/bias:0
(5,)
[ 0.2580894  -0.5108621   0.84867156 -0.5331706  -0.09804566]
