sequential_8/simple_rnn_14/kernel:0
(5, 3)
[[ 0.25259334 -0.68154764  1.3105972 ]
 [-1.5014253   0.2536852   0.32462463]
 [ 0.66363066  0.88559306  0.8231563 ]
 [-0.16518521  0.3283675  -0.4226949 ]
 [-1.3173416  -1.3892536   0.09033732]]
sequential_8/simple_rnn_14/recurrent_kernel:0
(3, 3)
[[-0.87483037 -0.18346582 -0.44834363]
 [-0.311412    0.9219252   0.23038337]
 [ 0.37107185  0.34116596 -0.86366165]]
sequential_8/simple_rnn_14/bias:0
(3,)
[ 0.4786427   0.29320744 -0.3612551 ]
sequential_8/dense_14/kernel:0
(3, 5)
[[-1.0284069   0.13738735 -0.64227015  0.84529155  0.51710325]
 [-0.91865647 -0.35255912 -0.06333722  0.38376343  0.6583698 ]
 [-0.16610862  1.1575003  -0.00830658  0.63425785 -1.0574094 ]]
sequential_8/dense_14/bias:0
(5,)
[ 0.00678652  0.04757836  0.20659767 -0.16143401 -0.08230972]
sequential_1/simple_rnn_1/kernel:0
(5, 5)
[[-0.6819131  -0.20860104 -0.37414217 -1.0027725   0.98135644]
 [-1.2644634  -0.5040861  -0.3173238   0.05652281 -0.16927236]
 [ 0.7472535   1.0371697   0.54223716 -0.29765052  0.31472242]
 [-0.04678478  0.12098468  0.01835736  0.55659616 -0.8882523 ]
 [-0.317155    0.12673406  0.37002948  0.3470146  -0.27673146]]
sequential_1/simple_rnn_1/recurrent_kernel:0
(5, 5)
[[ 0.8734176   1.218726   -0.5754071   0.8607068  -0.59916013]
 [-0.8088495   0.06723271 -1.2850771  -0.08597462  0.47832206]
 [ 1.0167955  -0.2645619  -0.7813897   0.01381029  1.1023321 ]
 [ 0.4509973   0.9195958   0.3820037  -1.2979416  -0.328226  ]
 [ 0.48173156  0.6678256   0.515507    0.4232637   1.4883548 ]]
sequential_1/simple_rnn_1/bias:0
(5,)
[ 0.16897103 -0.16705115  0.11101978 -0.16970699 -0.02305568]
sequential_1/dense_1/kernel:0
(5, 5)
[[ 0.43348283 -1.3260214  -0.65146405  0.3099772   1.2644463 ]
 [ 1.4294207  -0.821151   -0.38131785  0.8976142   0.62747544]
 [ 0.9314534  -1.277239    0.9837184   1.247288   -1.1414739 ]
 [-0.08108638 -0.05092756  0.27684823 -0.9369816   0.95105356]
 [-1.5116596   0.8883607  -0.6662822   1.0949343   0.58768743]]
sequential_1/dense_1/bias:0
(5,)
[ 0.18153214 -0.44939625  0.72385466 -0.10596733 -0.06297679]
