sequential_7/simple_rnn_14/kernel:0
(1, 80)
[[ 0.14419658 -0.13781564  0.15170974 -0.20653383  0.14666355  0.20257947
  -0.01518815  0.24231413  0.07308651 -0.174649   -0.01934807  0.04324497
  -0.19852337 -0.17867628  0.17343344  0.1664919  -0.11251551 -0.03441273
   0.11990843  0.1525246   0.16024008 -0.08446969  0.18218562 -0.00593678
   0.06425282 -0.09285569  0.19207157 -0.00953863 -0.12306326  0.03925084
   0.1633598   0.01518302 -0.08644019 -0.18108815 -0.11593716 -0.07461659
  -0.04075479  0.08706032 -0.01278532  0.01935508  0.18791534 -0.07199157
  -0.1914991   0.16403005  0.05562586 -0.13246444 -0.13947077  0.11784697
   0.03268738  0.03484007 -0.18001065  0.08593803 -0.12557724 -0.06031891
   0.21882819 -0.17820789 -0.21627192  0.19933124  0.03722263 -0.03071998
  -0.1353573   0.11452045  0.17261413 -0.11760074  0.17293492  0.19538145
   0.04968512  0.06824994 -0.07243522 -0.09393907  0.08804856  0.20960797
   0.1288701  -0.05204128  0.14399748 -0.10659135 -0.21084659 -0.10803863
  -0.16089    -0.18607977]]
sequential_7/simple_rnn_14/recurrent_kernel:0
(80, 80)
[[-0.2444272  -0.18104525 -0.06471916 ... -0.12255611 -0.06063048
   0.07578553]
 [ 0.01946213  0.08254886 -0.14463718 ... -0.20490594  0.05423566
   0.14479871]
 [ 0.01733642  0.1970554  -0.18443647 ...  0.1714866   0.00068273
  -0.06222109]
 ...
 [-0.04171178  0.15969911 -0.02878444 ... -0.05504171 -0.00297875
  -0.13176033]
 [-0.0323341  -0.00700546  0.19541997 ... -0.10309897  0.00655833
  -0.15254007]
 [ 0.1062814  -0.17327464  0.10723326 ... -0.06199514  0.0791089
  -0.08983674]]
sequential_7/simple_rnn_14/bias:0
(80,)
[-0.02124909  0.00826741 -0.02405835  0.02811545 -0.0131446  -0.01556244
  0.00409096 -0.006679   -0.01764516  0.01853957 -0.00166865 -0.01089944
  0.02104542  0.01767052 -0.01930734 -0.03313098  0.01138029 -0.00118795
 -0.00509629 -0.02199538 -0.02773922  0.00886133 -0.00360009 -0.00197403
 -0.00528445  0.00917123 -0.03099967 -0.00421656  0.01586563  0.00380567
 -0.01787495 -0.0008303   0.00605298  0.02576334  0.01956511  0.00176041
  0.0003961  -0.01333609  0.00374073 -0.0036227  -0.01556016  0.00559027
  0.02094498 -0.01827633 -0.00636568  0.02422201  0.01681764 -0.00846408
  0.00232353 -0.00712175  0.0255951  -0.00932276  0.0213342   0.01630775
 -0.01872423  0.03214193  0.02543059 -0.02499958 -0.00175699  0.00667381
  0.02051966 -0.01258056 -0.02106514  0.00954535 -0.01924429 -0.02447613
 -0.00016401 -0.02011842  0.01116491  0.00875821 -0.01364261 -0.01694446
 -0.01649163  0.00625829 -0.01447678  0.01637622  0.01369423  0.00980331
  0.02073168  0.01564994]
sequential_7/simple_rnn_15/kernel:0
(80, 100)
[[-0.10126989 -0.00748616 -0.03120531 ...  0.14704637  0.0443031
   0.11980506]
 [ 0.00758057  0.04440429  0.00894729 ... -0.02227475 -0.09288688
   0.06680886]
 [-0.12128072  0.06521837 -0.08079953 ...  0.12140667 -0.07895751
   0.11740167]
 ...
 [ 0.05060754 -0.01071479 -0.05692803 ...  0.04305304  0.16499242
  -0.14523885]
 [ 0.0545552  -0.11526884  0.03275546 ...  0.00965997  0.17347683
  -0.13129973]
 [ 0.10759365 -0.12602767 -0.12768753 ...  0.10194653  0.13284539
  -0.1843442 ]]
sequential_7/simple_rnn_15/recurrent_kernel:0
(100, 100)
[[-0.12727825 -0.08564612  0.08530694 ... -0.04124517 -0.1983226
  -0.07311187]
 [-0.02625034 -0.01910036 -0.02321311 ...  0.11477967 -0.01802963
  -0.12004708]
 [ 0.06120905  0.05806999 -0.00455862 ... -0.06890166 -0.06412808
  -0.05025181]
 ...
 [ 0.10482647 -0.04817188  0.02380457 ...  0.0532213  -0.01992179
  -0.02492508]
 [ 0.11190201  0.05630242  0.04380854 ...  0.09061443 -0.03468181
  -0.07722253]
 [-0.04803724 -0.12287744  0.09812056 ... -0.01038016 -0.1109726
  -0.00665513]]
sequential_7/simple_rnn_15/bias:0
(100,)
[ 2.2789254e-03  1.1375041e-02 -1.7228515e-03  4.0138266e-03
  5.2233023e-04  3.1708486e-03 -1.1847596e-02  5.4361108e-03
 -5.2676112e-03 -5.7456521e-03 -5.0445059e-03 -2.3683084e-03
  2.0072134e-02  1.1781462e-02  9.4899029e-04  1.8664104e-03
  6.7620170e-03 -6.7439298e-03 -1.8828532e-02  5.7402663e-03
 -1.7667309e-03 -4.5713107e-03 -3.7774269e-03 -8.4506755e-04
 -3.6487889e-03  3.1139064e-03  9.9735856e-03  2.6916990e-03
  6.6764331e-03 -8.1234155e-03  3.5818915e-03  1.7745635e-02
  8.4134974e-03  4.8240847e-03 -2.6421857e-03  4.2551393e-03
  3.0752101e-03  7.4858586e-03  7.7202781e-03  7.9307677e-03
  1.4039071e-02 -6.4842077e-04  1.8795351e-03 -6.1909985e-03
 -6.2751137e-03  2.7271803e-03  7.3682987e-03  3.2407669e-03
 -1.5195551e-03 -5.2094376e-03  3.9392039e-03  1.5934815e-03
 -1.1974812e-02  1.7873531e-02  8.3936350e-03 -1.5041778e-02
  1.3717121e-03  6.7729750e-03 -1.5591839e-03  2.3174342e-03
  7.5757485e-03 -1.9478847e-03  4.1412781e-03 -8.9709451e-03
  1.8417094e-03 -1.9807853e-03  2.0440002e-03 -9.8574022e-04
  8.2330024e-03 -1.8892583e-03  5.8352835e-03  3.7746010e-03
 -6.2295860e-03  8.7045515e-03 -2.2337285e-03  1.2698881e-02
  3.4491303e-03  7.2562965e-03  1.7484959e-03 -2.5229867e-05
  7.3208106e-03 -8.3521912e-03  1.1715156e-02 -6.8382634e-04
 -2.4654130e-03 -9.8540047e-05  6.4593274e-04 -2.5289392e-03
 -9.3932617e-03  4.2728549e-03 -6.6749058e-03  5.7077268e-03
 -1.8781701e-03 -9.3948022e-03 -7.0113335e-03 -4.2163380e-03
  6.9063697e-03 -6.9128006e-04 -8.7170228e-03  3.0303374e-03]
sequential_7/dense_7/kernel:0
(100, 1)
[[-0.14939094]
 [ 0.08912575]
 [-0.0889264 ]
 [-0.0397252 ]
 [-0.08333804]
 [-0.03193054]
 [-0.11618668]
 [-0.18855008]
 [-0.07369339]
 [-0.08673736]
 [-0.12206393]
 [ 0.05767863]
 [ 0.07291945]
 [-0.06503431]
 [-0.00240855]
 [-0.07825435]
 [ 0.10180948]
 [-0.16026366]
 [-0.11367908]
 [-0.15145762]
 [ 0.11775992]
 [-0.11908892]
 [-0.10164927]
 [ 0.15660918]
 [ 0.05627846]
 [ 0.11661918]
 [ 0.16030407]
 [-0.14267421]
 [ 0.11351714]
 [ 0.14991857]
 [-0.14960691]
 [ 0.11504715]
 [ 0.05152395]
 [ 0.13736525]
 [ 0.16686945]
 [ 0.06997209]
 [-0.11955091]
 [ 0.04478597]
 [ 0.1054583 ]
 [ 0.14710933]
 [ 0.09714553]
 [ 0.17652424]
 [-0.12641928]
 [-0.0538043 ]
 [-0.14504407]
 [-0.15566207]
 [ 0.07069038]
 [-0.02892035]
 [ 0.06607863]
 [-0.10804567]
 [ 0.14784412]
 [ 0.06545184]
 [-0.14438032]
 [ 0.07574151]
 [ 0.15651718]
 [-0.04309631]
 [-0.1313675 ]
 [-0.03529758]
 [-0.03322779]
 [ 0.10003603]
 [ 0.04704893]
 [-0.02348467]
 [ 0.01180452]
 [-0.09714675]
 [-0.10725407]
 [ 0.10965782]
 [-0.08040431]
 [-0.14781342]
 [ 0.0202033 ]
 [-0.11798105]
 [ 0.06632593]
 [-0.15614443]
 [-0.16742773]
 [ 0.07601193]
 [ 0.04334283]
 [ 0.1170684 ]
 [-0.08260093]
 [ 0.1905673 ]
 [-0.03805464]
 [ 0.16021657]
 [ 0.07286597]
 [-0.07390001]
 [ 0.08514722]
 [ 0.04089242]
 [-0.10140948]
 [-0.16092888]
 [-0.1554813 ]
 [-0.05781753]
 [-0.08432092]
 [ 0.12169555]
 [ 0.02794209]
 [ 0.15831305]
 [ 0.1454845 ]
 [-0.17597106]
 [-0.17928092]
 [-0.05293504]
 [ 0.00525042]
 [-0.02685507]
 [-0.07042163]
 [ 0.13802768]]
sequential_7/dense_7/bias:0
(1,)
[0.12345711]
